ref|XM_009163130.1|:1-2582	HRR77_1	97.789	2578	56	1	4	2581	2004350	2001774	0.0	4444
ref|XM_009163130.1|:1-2582	HRR77_1	98.980	98	1	0	4	101	1351289	1351386	4.85e-43	176
ref|XM_009163130.1|:1-2582	HRR77_20	97.794	136	3	0	1	136	195984	196119	7.88e-61	235
ref|XM_009163130.1|:1-2582	HRR77_20	91.837	98	8	0	4	101	504476	504379	2.29e-31	137
ref|XM_009163130.1|:1-2582	HRR77_12	98.473	131	2	0	1	131	604291	604421	1.02e-59	231
ref|XM_009163130.1|:1-2582	HRR77_23	99.194	124	1	0	5	128	419310	419433	1.71e-57	224
ref|XM_009163130.1|:1-2582	HRR77_29	95.420	131	5	1	5	134	175506	175636	1.72e-52	207
ref|XM_009163130.1|:1-2582	HRR77_21	95.161	124	6	0	5	128	378004	378127	3.72e-49	196
ref|XM_009163130.1|:1-2582	HRR77_36	93.077	130	9	0	5	134	27435	27306	1.73e-47	191
ref|XM_009163130.1|:1-2582	HRR77_9	90.152	132	13	0	5	136	704206	704337	6.27e-42	172
