ref|XM_009163130.1|:1-2582	HRR90_2	97.789	2578	56	1	4	2581	1584432	1581856	0.0	4444
ref|XM_009163130.1|:1-2582	HRR90_2	98.980	98	1	0	4	101	931392	931489	4.85e-43	176
ref|XM_009163130.1|:1-2582	HRR90_30	98.496	133	2	0	4	136	88685	88553	7.89e-61	235
ref|XM_009163130.1|:1-2582	HRR90_3	99.219	128	1	0	4	131	1232627	1232500	1.02e-59	231
ref|XM_009163130.1|:1-2582	HRR90_37	99.194	124	1	0	5	128	118831	118954	1.71e-57	224
ref|XM_009163130.1|:1-2582	HRR90_31	95.420	131	5	1	5	134	102689	102559	1.72e-52	207
ref|XM_009163130.1|:1-2582	HRR90_16	95.161	124	6	0	5	128	63619	63742	3.72e-49	196
ref|XM_009163130.1|:1-2582	HRR90_16	91.837	98	8	0	4	101	335799	335702	2.29e-31	137
ref|XM_009163130.1|:1-2582	HRR90_24	93.077	130	9	0	5	134	27435	27306	1.73e-47	191
ref|XM_009163130.1|:1-2582	HRR90_5	90.152	132	13	0	5	136	1154208	1154339	6.28e-42	172
