ref|XM_009163130.1|:1-2582	HRR96_1	97.789	2578	56	1	4	2581	2004527	2001951	0.0	4444
ref|XM_009163130.1|:1-2582	HRR96_1	98.980	98	1	0	4	101	1351486	1351583	4.85e-43	176
ref|XM_009163130.1|:1-2582	HRR96_20	98.496	133	2	0	4	136	308552	308420	7.89e-61	235
ref|XM_009163130.1|:1-2582	HRR96_20	91.837	98	8	0	4	101	63	160	2.29e-31	137
ref|XM_009163130.1|:1-2582	HRR96_6	99.219	128	1	0	4	131	670295	670168	1.02e-59	231
ref|XM_009163130.1|:1-2582	HRR96_40	99.194	124	1	0	5	128	24259	24136	1.71e-57	224
ref|XM_009163130.1|:1-2582	HRR96_29	95.420	131	5	1	5	134	175497	175627	1.72e-52	207
ref|XM_009163130.1|:1-2582	HRR96_35	95.161	124	6	0	5	128	63505	63628	3.72e-49	196
ref|XM_009163130.1|:1-2582	HRR96_21	94.355	124	7	0	5	128	442738	442861	1.73e-47	191
ref|XM_009163130.1|:1-2582	HRR96_2	90.152	132	13	0	5	136	1224874	1225005	6.27e-42	172
