ref|XM_009163130.1|:1-2582	HRR81_1	97.789	2578	56	1	4	2581	2004988	2002412	0.0	4444
ref|XM_009163130.1|:1-2582	HRR81_1	98.980	98	1	0	4	101	1351946	1352043	4.85e-43	176
ref|XM_009163130.1|:1-2582	HRR81_19	97.794	136	3	0	1	136	195983	196118	7.89e-61	235
ref|XM_009163130.1|:1-2582	HRR81_19	91.837	98	8	0	4	101	504475	504378	2.29e-31	137
ref|XM_009163130.1|:1-2582	HRR81_3	98.473	131	2	0	1	131	604299	604429	1.02e-59	231
ref|XM_009163130.1|:1-2582	HRR81_12	99.194	124	1	0	5	128	839346	839469	1.71e-57	224
ref|XM_009163130.1|:1-2582	HRR81_27	95.420	131	5	1	5	134	175566	175696	1.72e-52	207
ref|XM_009163130.1|:1-2582	HRR81_11	95.161	124	6	0	5	128	378032	378155	3.72e-49	196
ref|XM_009163130.1|:1-2582	HRR81_32	93.077	130	9	0	5	134	27435	27306	1.73e-47	191
ref|XM_009163130.1|:1-2582	HRR81_2	90.152	132	13	0	5	136	1224886	1225017	6.27e-42	172
