ref|XM_009163130.1|:1-2582	HRR82_1	97.789	2578	56	1	4	2581	885290	887866	0.0	4444
ref|XM_009163130.1|:1-2582	HRR82_1	98.980	98	1	0	4	101	1538332	1538235	4.85e-43	176
ref|XM_009163130.1|:1-2582	HRR82_14	98.496	133	2	0	4	136	569398	569266	7.88e-61	235
ref|XM_009163130.1|:1-2582	HRR82_14	91.837	98	8	0	4	101	260909	261006	2.29e-31	137
ref|XM_009163130.1|:1-2582	HRR82_2	99.219	128	1	0	4	131	1750789	1750662	1.02e-59	231
ref|XM_009163130.1|:1-2582	HRR82_7	99.194	124	1	0	5	128	714153	714030	1.71e-57	224
ref|XM_009163130.1|:1-2582	HRR82_21	95.420	131	5	1	5	134	102600	102470	1.72e-52	207
ref|XM_009163130.1|:1-2582	HRR82_12	95.161	124	6	0	5	128	378038	378161	3.72e-49	196
ref|XM_009163130.1|:1-2582	HRR82_4	93.077	130	9	0	5	134	27435	27306	1.73e-47	191
ref|XM_009163130.1|:1-2582	HRR82_5	89.630	135	14	0	5	139	286774	286640	6.27e-42	172
