ref|XM_009163130.1|:1-2582	HRR87_1	97.789	2578	56	1	4	2581	1867718	1865142	0.0	4444
ref|XM_009163130.1|:1-2582	HRR87_1	98.980	98	1	0	4	101	1214578	1214675	4.85e-43	176
ref|XM_009163130.1|:1-2582	HRR87_11	98.496	133	2	0	4	136	569548	569416	7.89e-61	235
ref|XM_009163130.1|:1-2582	HRR87_11	91.837	98	8	0	4	101	261059	261156	2.29e-31	137
ref|XM_009163130.1|:1-2582	HRR87_6	98.473	131	2	0	1	131	603804	603934	1.02e-59	231
ref|XM_009163130.1|:1-2582	HRR87_3	99.194	124	1	0	5	128	1143108	1142985	1.71e-57	224
ref|XM_009163130.1|:1-2582	HRR87_32	95.420	131	5	1	5	134	102609	102479	1.72e-52	207
ref|XM_009163130.1|:1-2582	HRR87_19	93.846	130	8	0	5	134	493438	493309	3.72e-49	196
ref|XM_009163130.1|:1-2582	HRR87_23	93.077	130	9	0	5	134	27435	27306	1.73e-47	191
ref|XM_009163130.1|:1-2582	HRR87_4	90.152	132	13	0	5	136	1225062	1225193	6.28e-42	172
