ref|XM_009163130.1|:1-2582	HRR76_1	97.789	2578	56	1	4	2581	2004707	2002131	0.0	4444
ref|XM_009163130.1|:1-2582	HRR76_1	98.980	98	1	0	4	101	1351447	1351544	4.85e-43	176
ref|XM_009163130.1|:1-2582	HRR76_20	97.794	136	3	0	1	136	196012	196147	7.89e-61	235
ref|XM_009163130.1|:1-2582	HRR76_20	91.579	95	7	1	7	101	504500	504407	3.83e-29	130
ref|XM_009163130.1|:1-2582	HRR76_4	98.473	131	2	0	1	131	604299	604429	1.02e-59	231
ref|XM_009163130.1|:1-2582	HRR76_36	99.194	124	1	0	5	128	24259	24136	1.71e-57	224
ref|XM_009163130.1|:1-2582	HRR76_31	95.420	131	5	1	5	134	175502	175632	1.72e-52	207
ref|XM_009163130.1|:1-2582	HRR76_12	93.846	130	8	0	5	134	493292	493163	3.72e-49	196
ref|XM_009163130.1|:1-2582	HRR76_21	93.077	130	9	0	5	134	27435	27306	1.73e-47	191
ref|XM_009163130.1|:1-2582	HRR76_2	90.152	132	13	0	5	136	1626419	1626550	6.27e-42	172
