ref|XM_009163130.1|:1-2582	HRR93_1	97.789	2578	56	1	4	2581	2236900	2234324	0.0	4444
ref|XM_009163130.1|:1-2582	HRR93_1	98.980	98	1	0	4	101	1583739	1583836	4.90e-43	176
ref|XM_009163130.1|:1-2582	HRR93_21	97.794	136	3	0	1	136	125919	126054	7.98e-61	235
ref|XM_009163130.1|:1-2582	HRR93_21	91.837	98	8	0	4	101	434411	434314	2.31e-31	137
ref|XM_009163130.1|:1-2582	HRR93_2	99.219	128	1	0	4	131	1750633	1750506	1.03e-59	231
ref|XM_009163130.1|:1-2582	HRR93_8	99.194	124	1	0	5	128	24259	24136	1.73e-57	224
ref|XM_009163130.1|:1-2582	HRR93_28	95.420	131	5	1	5	134	135540	135670	1.74e-52	207
ref|XM_009163130.1|:1-2582	HRR93_10	95.161	124	6	0	5	128	63504	63627	3.76e-49	196
ref|XM_009163130.1|:1-2582	HRR93_36	93.077	130	9	0	5	134	30387	30258	1.75e-47	191
ref|XM_009163130.1|:1-2582	HRR93_4	89.630	135	14	0	5	139	286699	286565	6.34e-42	172
