ref|XM_009163130.1|:1-2582	HRR91_3	97.789	2578	56	1	4	2581	854509	851933	0.0	4444
ref|XM_009163130.1|:1-2582	HRR91_3	98.980	98	1	0	4	101	201093	201190	4.87e-43	176
ref|XM_009163130.1|:1-2582	HRR91_56	97.794	136	3	0	1	136	91210	91345	7.93e-61	235
ref|XM_009163130.1|:1-2582	HRR91_5	99.219	128	1	0	4	131	309076	308949	1.03e-59	231
ref|XM_009163130.1|:1-2582	HRR91_8	99.194	124	1	0	5	128	658407	658284	1.72e-57	224
ref|XM_009163130.1|:1-2582	HRR91_38	95.420	131	5	1	5	134	147447	147577	1.73e-52	207
ref|XM_009163130.1|:1-2582	HRR91_43	93.846	130	8	0	5	134	124927	124798	3.74e-49	196
ref|XM_009163130.1|:1-2582	HRR91_47	93.077	130	9	0	5	134	19988	19859	1.74e-47	191
ref|XM_009163130.1|:1-2582	HRR91_1	90.152	132	13	0	5	136	495456	495587	6.30e-42	172
ref|XM_009163130.1|:1-2582	HRR91_36	91.667	96	7	1	6	101	273990	273896	1.07e-29	132
