ref|XM_009163130.1|:1-2582	HRR88_2	97.789	2578	56	1	4	2581	1052402	1049826	0.0	4444
ref|XM_009163130.1|:1-2582	HRR88_2	98.980	98	1	0	4	101	399364	399461	4.87e-43	176
ref|XM_009163130.1|:1-2582	HRR88_21	97.794	136	3	0	1	136	139669	139804	7.92e-61	235
ref|XM_009163130.1|:1-2582	HRR88_21	91.837	98	8	0	4	101	448161	448064	2.30e-31	137
ref|XM_009163130.1|:1-2582	HRR88_8	98.473	131	2	0	1	131	604299	604429	1.02e-59	231
ref|XM_009163130.1|:1-2582	HRR88_32	99.194	124	1	0	5	128	124575	124452	1.72e-57	224
ref|XM_009163130.1|:1-2582	HRR88_34	95.420	131	5	1	5	134	102609	102479	1.73e-52	207
ref|XM_009163130.1|:1-2582	HRR88_18	95.161	124	6	0	5	128	63513	63636	3.74e-49	196
ref|XM_009163130.1|:1-2582	HRR88_38	94.355	124	7	0	5	128	174502	174625	1.74e-47	191
ref|XM_009163130.1|:1-2582	HRR88_1	89.630	135	14	0	5	139	1238428	1238294	6.30e-42	172
