ref|XM_009163130.1|:1-2582	HRR78_5	97.789	2578	56	1	4	2581	608365	605789	0.0	4444
ref|XM_009163130.1|:1-2582	HRR78_11	97.794	136	3	0	1	136	195983	196118	7.91e-61	235
ref|XM_009163130.1|:1-2582	HRR78_11	91.837	98	8	0	4	101	504475	504378	2.29e-31	137
ref|XM_009163130.1|:1-2582	HRR78_2	98.473	131	2	0	1	131	604260	604390	1.02e-59	231
ref|XM_009163130.1|:1-2582	HRR78_20	99.194	124	1	0	5	128	419306	419429	1.71e-57	224
ref|XM_009163130.1|:1-2582	HRR78_28	95.420	131	5	1	5	134	175504	175634	1.72e-52	207
ref|XM_009163130.1|:1-2582	HRR78_37	93.846	130	8	0	5	134	52207	52078	3.73e-49	196
ref|XM_009163130.1|:1-2582	HRR78_33	93.077	130	9	0	5	134	27435	27306	1.74e-47	191
ref|XM_009163130.1|:1-2582	HRR78_26	98.980	98	1	0	4	101	44866	44769	4.86e-43	176
ref|XM_009163130.1|:1-2582	HRR78_1	90.152	132	13	0	5	136	1224884	1225015	6.29e-42	172
