ref|XM_009163130.1|:1-2582	HRR73_2	97.789	2578	56	1	4	2581	972101	969525	0.0	4444
ref|XM_009163130.1|:1-2582	HRR73_2	98.980	98	1	0	4	101	319059	319156	4.85e-43	176
ref|XM_009163130.1|:1-2582	HRR73_21	98.496	133	2	0	4	136	308498	308366	7.88e-61	235
ref|XM_009163130.1|:1-2582	HRR73_21	91.837	98	8	0	4	101	9	106	2.29e-31	137
ref|XM_009163130.1|:1-2582	HRR73_1	99.219	128	1	0	4	131	1750618	1750491	1.02e-59	231
ref|XM_009163130.1|:1-2582	HRR73_39	99.194	124	1	0	5	128	118831	118954	1.71e-57	224
ref|XM_009163130.1|:1-2582	HRR73_32	95.420	131	5	1	5	134	175501	175631	1.72e-52	207
ref|XM_009163130.1|:1-2582	HRR73_12	93.846	130	8	0	5	134	743533	743404	3.72e-49	196
ref|XM_009163130.1|:1-2582	HRR73_13	94.355	124	7	0	5	128	727817	727940	1.73e-47	191
ref|XM_009163130.1|:1-2582	HRR73_3	89.630	135	14	0	5	139	286902	286768	6.27e-42	172
