ref|XM_009163130.1|:1-2582	HRR79_1	97.789	2578	56	1	4	2581	885241	887817	0.0	4444
ref|XM_009163130.1|:1-2582	HRR79_1	98.980	98	1	0	4	101	1538381	1538284	4.96e-43	176
ref|XM_009163130.1|:1-2582	HRR79_16	97.794	136	3	0	1	136	253238	253373	8.08e-61	235
ref|XM_009163130.1|:1-2582	HRR79_16	91.837	98	7	1	4	101	561729	561633	8.43e-31	135
ref|XM_009163130.1|:1-2582	HRR79_3	98.473	131	2	0	1	131	604287	604417	1.04e-59	231
ref|XM_009163130.1|:1-2582	HRR79_41	99.194	124	1	0	5	128	118831	118954	1.75e-57	224
ref|XM_009163130.1|:1-2582	HRR79_28	95.420	131	5	1	5	134	102727	102597	1.76e-52	207
ref|XM_009163130.1|:1-2582	HRR79_39	95.161	124	6	0	5	128	63475	63598	3.81e-49	196
ref|XM_009163130.1|:1-2582	HRR79_10	93.077	130	9	0	5	134	27435	27306	1.77e-47	191
ref|XM_009163130.1|:1-2582	HRR79_4	89.630	135	14	0	5	139	286813	286679	6.42e-42	172
