ref|XM_009163130.1|:1-2582	HRR86_2	97.789	2578	56	1	4	2581	2236636	2234060	0.0	4444
ref|XM_009163130.1|:1-2582	HRR86_2	98.980	98	1	0	4	101	1583495	1583592	4.87e-43	176
ref|XM_009163130.1|:1-2582	HRR86_17	97.794	136	3	0	1	136	195986	196121	7.93e-61	235
ref|XM_009163130.1|:1-2582	HRR86_17	91.753	97	7	1	5	101	504476	504381	2.97e-30	134
ref|XM_009163130.1|:1-2582	HRR86_13	98.473	131	2	0	1	131	604299	604429	1.03e-59	231
ref|XM_009163130.1|:1-2582	HRR86_20	99.194	124	1	0	5	128	24259	24136	1.72e-57	224
ref|XM_009163130.1|:1-2582	HRR86_30	95.420	131	5	1	5	134	175496	175626	1.73e-52	207
ref|XM_009163130.1|:1-2582	HRR86_18	95.161	124	6	0	5	128	378019	378142	3.74e-49	196
ref|XM_009163130.1|:1-2582	HRR86_35	93.077	130	9	0	5	134	30006	29877	1.74e-47	191
ref|XM_009163130.1|:1-2582	HRR86_1	89.630	135	14	0	5	139	1238459	1238325	6.30e-42	172
