ref|XM_009163130.1|:1-2582	HRR95_1	97.789	2578	56	1	4	2581	885072	887648	0.0	4444
ref|XM_009163130.1|:1-2582	HRR95_1	98.980	98	1	0	4	101	1538234	1538137	4.85e-43	176
ref|XM_009163130.1|:1-2582	HRR95_21	98.496	133	2	0	4	136	308488	308356	7.89e-61	235
ref|XM_009163130.1|:1-2582	HRR95_21	91.753	97	7	1	5	101	1	96	2.96e-30	134
ref|XM_009163130.1|:1-2582	HRR95_4	99.219	128	1	0	4	131	670284	670157	1.02e-59	231
ref|XM_009163130.1|:1-2582	HRR95_13	99.194	124	1	0	5	128	714058	713935	1.71e-57	224
ref|XM_009163130.1|:1-2582	HRR95_29	95.420	131	5	1	5	134	128772	128642	1.72e-52	207
ref|XM_009163130.1|:1-2582	HRR95_35	95.161	124	6	0	5	128	63499	63622	3.72e-49	196
ref|XM_009163130.1|:1-2582	HRR95_14	94.355	124	7	0	5	128	727976	728099	1.73e-47	191
ref|XM_009163130.1|:1-2582	HRR95_9	89.630	135	14	0	5	139	286769	286635	6.28e-42	172
