ref|XM_009163130.1|:1-2582	HRR85_1	97.789	2578	56	1	4	2581	2236470	2233894	0.0	4444
ref|XM_009163130.1|:1-2582	HRR85_1	98.980	98	1	0	4	101	1583430	1583527	4.85e-43	176
ref|XM_009163130.1|:1-2582	HRR85_8	97.794	136	3	0	1	136	253350	253485	7.88e-61	235
ref|XM_009163130.1|:1-2582	HRR85_8	91.837	98	8	0	4	101	561842	561745	2.29e-31	137
ref|XM_009163130.1|:1-2582	HRR85_7	99.219	128	1	0	4	131	670284	670157	1.02e-59	231
ref|XM_009163130.1|:1-2582	HRR85_3	99.194	124	1	0	5	128	839368	839491	1.71e-57	224
ref|XM_009163130.1|:1-2582	HRR85_24	95.420	131	5	1	5	134	102609	102479	1.72e-52	207
ref|XM_009163130.1|:1-2582	HRR85_15	93.846	130	8	0	5	134	493335	493206	3.72e-49	196
ref|XM_009163130.1|:1-2582	HRR85_2	94.355	124	7	0	5	128	2468479	2468602	1.73e-47	191
ref|XM_009163130.1|:1-2582	HRR85_5	90.152	132	13	0	5	136	1224886	1225017	6.27e-42	172
