ref|XM_009163130.1|:1-2582	HRR92_1	97.789	2578	56	1	4	2581	2075152	2072576	0.0	4444
ref|XM_009163130.1|:1-2582	HRR92_1	98.980	98	1	0	4	101	1421890	1421987	4.85e-43	176
ref|XM_009163130.1|:1-2582	HRR92_18	98.496	133	2	0	4	136	308484	308352	7.89e-61	235
ref|XM_009163130.1|:1-2582	HRR92_18	92.308	91	7	0	11	101	2	92	3.83e-29	130
ref|XM_009163130.1|:1-2582	HRR92_2	98.473	131	2	0	1	131	604252	604382	1.02e-59	231
ref|XM_009163130.1|:1-2582	HRR92_10	99.194	124	1	0	5	128	118831	118954	1.71e-57	224
ref|XM_009163130.1|:1-2582	HRR92_26	95.420	131	5	1	5	134	128771	128641	1.72e-52	207
ref|XM_009163130.1|:1-2582	HRR92_36	93.846	130	8	0	5	134	124928	124799	3.73e-49	196
ref|XM_009163130.1|:1-2582	HRR92_42	93.077	130	9	0	5	134	27435	27306	1.73e-47	191
ref|XM_009163130.1|:1-2582	HRR92_4	90.152	132	13	0	5	136	1224886	1225017	6.28e-42	172
